x	y
0.5	0.5
0.75	0.25
0.25	0.75
0.375	0.375
0.875	0.875
0.625	0.125
0.125	0.625
0.1875	0.3125
0.6875	0.8125
0.9375	0.0625
0.4375	0.5625
0.3125	0.1875
0.8125	0.6875
0.5625	0.4375
0.0625	0.9375
0.09375	0.46875
0.59375	0.96875
0.84375	0.21875
0.34375	0.71875
0.46875	0.09375
0.96875	0.59375
0.71875	0.34375
0.21875	0.84375
0.15625	0.15625
0.65625	0.65625
0.90625	0.40625
0.40625	0.90625
0.28125	0.28125
0.78125	0.78125
0.53125	0.03125
0.03125	0.53125
0.046875	0.265625
0.546875	0.765625
0.796875	0.015625
0.296875	0.515625
0.421875	0.140625
0.921875	0.640625
0.671875	0.390625
0.171875	0.890625
0.234375	0.078125
0.734375	0.578125
0.984375	0.328125
0.484375	0.828125
0.359375	0.453125
0.859375	0.953125
0.609375	0.203125
0.109375	0.703125
0.078125	0.234375
0.578125	0.734375
0.828125	0.484375
0.328125	0.984375
0.453125	0.359375
0.953125	0.859375
0.703125	0.109375
0.203125	0.609375
0.140625	0.421875
0.640625	0.921875
0.890625	0.171875
0.390625	0.671875
0.265625	0.046875
0.765625	0.546875
0.515625	0.296875
0.015625	0.796875
0.0234375	0.398438
0.523438	0.898438
0.773438	0.148438
0.273438	0.648438
0.398438	0.0234375
0.898438	0.523438
0.648438	0.273438
0.148438	0.773438
0.210938	0.210938
0.710938	0.710938
0.960938	0.460938
0.460938	0.960938
0.335938	0.335938
0.835938	0.835938
0.585938	0.0859375
0.0859375	0.585938
0.117188	0.117188
0.617188	0.617188
0.867188	0.367188
0.367188	0.867188
0.492188	0.492188
0.992188	0.992188
0.742188	0.242188
0.242188	0.742188
0.179688	0.304688
0.679688	0.804688
0.929688	0.0546875
0.429688	0.554688
0.304688	0.179688
0.804688	0.679688
0.554688	0.429688
0.0546875	0.929688
0.0390625	0.132812
0.539062	0.632812
0.789062	0.382812
0.289062	0.882812
0.414062	0.257812
0.914062	0.757812
0.664062	0.0078125
0.164062	0.507812
0.226562	0.445312
0.726562	0.945312
0.976562	0.195312
0.476562	0.695312
0.351562	0.0703125
0.851562	0.570312
0.601562	0.320312
0.101562	0.820312
0.0703125	0.351562
0.570312	0.851562
0.820312	0.101562
0.320312	0.601562
0.445312	0.226562
0.945312	0.726562
0.695312	0.476562
0.195312	0.976562
0.132812	0.0390625
0.632812	0.539062
0.882812	0.289062
0.382812	0.789062
0.257812	0.414062
0.757812	0.914062
0.507812	0.164062
0.0078125	0.664062
0.0117188	0.332031
0.511719	0.832031
0.761719	0.0820312
0.261719	0.582031
0.386719	0.207031
0.886719	0.707031
0.636719	0.457031
0.136719	0.957031
0.199219	0.0195312
0.699219	0.519531
0.949219	0.269531
0.449219	0.769531
0.324219	0.394531
0.824219	0.894531
0.574219	0.144531
0.0742188	0.644531
0.105469	0.175781
0.605469	0.675781
0.855469	0.425781
0.355469	0.925781
0.480469	0.300781
0.980469	0.800781
0.730469	0.0507812
0.230469	0.550781
0.167969	0.488281
0.667969	0.988281
0.917969	0.238281
0.417969	0.738281
0.292969	0.113281
0.792969	0.613281
0.542969	0.363281
0.0429688	0.863281
0.0585938	0.0664062
0.558594	0.566406
0.808594	0.316406
0.308594	0.816406
0.433594	0.441406
0.933594	0.941406
0.683594	0.191406
0.183594	0.691406
0.246094	0.253906
0.746094	0.753906
0.996094	0.00390625
0.496094	0.503906
0.371094	0.128906
0.871094	0.628906
0.621094	0.378906
0.121094	0.878906
0.0898438	0.410156
0.589844	0.910156
0.839844	0.160156
0.339844	0.660156
0.464844	0.0351562
0.964844	0.535156
0.714844	0.285156
0.214844	0.785156
0.152344	0.222656
0.652344	0.722656
0.902344	0.472656
0.402344	0.972656
0.277344	0.347656
0.777344	0.847656
0.527344	0.0976562
0.0273438	0.597656
0.0195312	0.199219
0.519531	0.699219
0.769531	0.449219
0.269531	0.949219
0.394531	0.324219
0.894531	0.824219
0.644531	0.0742188
0.144531	0.574219
0.207031	0.386719
0.707031	0.886719
0.957031	0.136719
0.457031	0.636719
0.332031	0.0117188
0.832031	0.511719
0.582031	0.261719
0.0820312	0.761719
0.113281	0.292969
0.613281	0.792969
0.863281	0.0429688
0.363281	0.542969
0.488281	0.167969
0.988281	0.667969
0.738281	0.417969
0.238281	0.917969
0.175781	0.105469
0.675781	0.605469
0.925781	0.355469
0.425781	0.855469
0.300781	0.480469
0.800781	0.980469
0.550781	0.230469
0.0507812	0.730469
0.0351562	0.464844
0.535156	0.964844
0.785156	0.214844
0.285156	0.714844
0.410156	0.0898438
0.910156	0.589844
0.660156	0.339844
0.160156	0.839844
0.222656	0.152344
0.722656	0.652344
0.972656	0.402344
0.472656	0.902344
0.347656	0.277344
0.847656	0.777344
0.597656	0.0273438
0.0976562	0.527344
0.0664062	0.0585938
0.566406	0.558594
0.816406	0.308594
0.316406	0.808594
0.441406	0.433594
0.941406	0.933594
0.691406	0.183594
0.191406	0.683594
0.128906	0.371094
0.628906	0.871094
0.878906	0.121094
0.378906	0.621094
0.253906	0.246094
0.753906	0.746094
0.503906	0.496094
0.00390625	0.996094
0.00585938	0.498047
0.505859	0.998047
0.755859	0.248047
0.255859	0.748047
0.380859	0.123047
0.880859	0.623047
0.630859	0.373047
0.130859	0.873047
0.193359	0.185547
0.693359	0.685547
0.943359	0.435547
0.443359	0.935547
0.318359	0.310547
0.818359	0.810547
0.568359	0.0605469
0.0683594	0.560547
0.0996094	0.0292969
0.599609	0.529297
0.849609	0.279297
0.349609	0.779297
0.474609	0.404297
0.974609	0.904297
0.724609	0.154297
0.224609	0.654297
0.162109	0.341797
0.662109	0.841797
0.912109	0.0917969
0.412109	0.591797
0.287109	0.216797
0.787109	0.716797
0.537109	0.466797
0.0371094	0.966797
0.0527344	0.232422
0.552734	0.732422
0.802734	0.482422
0.302734	0.982422
0.427734	0.357422
0.927734	0.857422
0.677734	0.107422
0.177734	0.607422
0.240234	0.419922
0.740234	0.919922
0.990234	0.169922
0.490234	0.669922
0.365234	0.0449219
0.865234	0.544922
0.615234	0.294922
0.115234	0.794922
0.0839844	0.263672
0.583984	0.763672
0.833984	0.0136719
0.333984	0.513672
0.458984	0.138672
0.958984	0.638672
0.708984	0.388672
0.208984	0.888672
0.146484	0.0761719
0.646484	0.576172
0.896484	0.326172
0.396484	0.826172
0.271484	0.451172
0.771484	0.951172
0.521484	0.201172
0.0214844	0.701172
0.0292969	0.0996094
0.529297	0.599609
0.779297	0.349609
0.279297	0.849609
0.404297	0.474609
0.904297	0.974609
0.654297	0.224609
0.154297	0.724609
0.216797	0.287109
0.716797	0.787109
0.966797	0.0371094
0.466797	0.537109
0.341797	0.162109
0.841797	0.662109
0.591797	0.412109
0.0917969	0.912109
0.123047	0.380859
0.623047	0.880859
0.873047	0.130859
0.373047	0.630859
0.498047	0.00585938
0.998047	0.505859
0.748047	0.255859
0.248047	0.755859
0.185547	0.193359
0.685547	0.693359
0.935547	0.443359
0.435547	0.943359
0.310547	0.318359
0.810547	0.818359
0.560547	0.0683594
0.0605469	0.568359
0.0449219	0.365234
0.544922	0.865234
0.794922	0.115234
0.294922	0.615234
0.419922	0.240234
0.919922	0.740234
0.669922	0.490234
0.169922	0.990234
0.232422	0.0527344
0.732422	0.552734
0.982422	0.302734
0.482422	0.802734
0.357422	0.427734
0.857422	0.927734
0.607422	0.177734
0.107422	0.677734
0.0761719	0.146484
0.576172	0.646484
0.826172	0.396484
0.326172	0.896484
0.451172	0.271484
0.951172	0.771484
0.701172	0.0214844
0.201172	0.521484
0.138672	0.458984
0.638672	0.958984
0.888672	0.208984
0.388672	0.708984
0.263672	0.0839844
0.763672	0.583984
0.513672	0.333984
0.0136719	0.833984
0.00976562	0.166016
0.509766	0.666016
0.759766	0.416016
0.259766	0.916016
0.384766	0.291016
0.884766	0.791016
0.634766	0.0410156
0.134766	0.541016
0.197266	0.478516
0.697266	0.978516
0.947266	0.228516
0.447266	0.728516
0.322266	0.103516
0.822266	0.603516
0.572266	0.353516
0.0722656	0.853516
0.103516	0.322266
0.603516	0.822266
0.853516	0.0722656
0.353516	0.572266
0.478516	0.197266
0.978516	0.697266
0.728516	0.447266
0.228516	0.947266
0.166016	0.00976562
0.666016	0.509766
0.916016	0.259766
0.416016	0.759766
0.291016	0.384766
0.791016	0.884766
0.541016	0.134766
0.0410156	0.634766
0.0566406	0.431641
0.556641	0.931641
0.806641	0.181641
0.306641	0.681641
0.431641	0.0566406
0.931641	0.556641
0.681641	0.306641
0.181641	0.806641
0.244141	0.244141
0.744141	0.744141
0.994141	0.494141
0.494141	0.994141
0.369141	0.369141
0.869141	0.869141
0.619141	0.119141
0.119141	0.619141
0.0878906	0.0878906
0.587891	0.587891
0.837891	0.337891
0.337891	0.837891
0.462891	0.462891
0.962891	0.962891
0.712891	0.212891
0.212891	0.712891
0.150391	0.275391
0.650391	0.775391
0.900391	0.0253906
0.400391	0.525391
0.275391	0.150391
0.775391	0.650391
0.525391	0.400391
0.0253906	0.900391
0.0175781	0.298828
0.517578	0.798828
0.767578	0.0488281
0.267578	0.548828
0.392578	0.173828
0.892578	0.673828
0.642578	0.423828
0.142578	0.923828
0.205078	0.111328
0.705078	0.611328
0.955078	0.361328
0.455078	0.861328
0.330078	0.486328
0.830078	0.986328
0.580078	0.236328
0.0800781	0.736328
0.111328	0.205078
0.611328	0.705078
0.861328	0.455078
0.361328	0.955078
0.486328	0.330078
0.986328	0.830078
0.736328	0.0800781
0.236328	0.580078
0.173828	0.392578
0.673828	0.892578
0.923828	0.142578
0.423828	0.642578
0.298828	0.0175781
0.798828	0.517578
0.548828	0.267578
0.0488281	0.767578
0.0332031	0.0332031
0.533203	0.533203
0.783203	0.283203
0.283203	0.783203
0.408203	0.408203
0.908203	0.908203
0.658203	0.158203
0.158203	0.658203
0.220703	0.345703
0.720703	0.845703
0.970703	0.0957031
0.470703	0.595703
0.345703	0.220703
0.845703	0.720703
0.595703	0.470703
0.0957031	0.970703
0.0644531	0.439453
0.564453	0.939453
0.814453	0.189453
0.314453	0.689453
0.439453	0.0644531
0.939453	0.564453
0.689453	0.314453
0.189453	0.814453
0.126953	0.126953
0.626953	0.626953
0.876953	0.376953
0.376953	0.876953
0.251953	0.251953
0.751953	0.751953
0.501953	0.00195312
0.00195312	0.501953
0.00292969	0.250977
0.50293	0.750977
0.75293	0.000976562
0.25293	0.500977
0.37793	0.125977
0.87793	0.625977
0.62793	0.375977
0.12793	0.875977
0.19043	0.0634766
0.69043	0.563477
0.94043	0.313477
0.44043	0.813477
0.31543	0.438477
0.81543	0.938477
0.56543	0.188477
0.0654297	0.688477
0.0966797	0.219727
0.59668	0.719727
0.84668	0.469727
0.34668	0.969727
0.47168	0.344727
0.97168	0.844727
0.72168	0.0947266
0.22168	0.594727
0.15918	0.407227
0.65918	0.907227
0.90918	0.157227
0.40918	0.657227
0.28418	0.0322266
0.78418	0.532227
0.53418	0.282227
0.0341797	0.782227
0.0498047	0.0166016
0.549805	0.516602
0.799805	0.266602
0.299805	0.766602
0.424805	0.391602
0.924805	0.891602
0.674805	0.141602
0.174805	0.641602
0.237305	0.329102
0.737305	0.829102
0.987305	0.0791016
0.487305	0.579102
0.362305	0.204102
0.862305	0.704102
0.612305	0.454102
0.112305	0.954102
0.0810547	0.485352
0.581055	0.985352
0.831055	0.235352
0.331055	0.735352
0.456055	0.110352
0.956055	0.610352
0.706055	0.360352
0.206055	0.860352
0.143555	0.172852
0.643555	0.672852
0.893555	0.422852
0.393555	0.922852
0.268555	0.297852
0.768555	0.797852
0.518555	0.0478516
0.0185547	0.547852
0.0263672	0.149414
0.526367	0.649414
0.776367	0.399414
0.276367	0.899414
0.401367	0.274414
0.901367	0.774414
0.651367	0.0244141
0.151367	0.524414
0.213867	0.461914
0.713867	0.961914
0.963867	0.211914
0.463867	0.711914
0.338867	0.0869141
0.838867	0.586914
0.588867	0.336914
0.0888672	0.836914
0.120117	0.368164
0.620117	0.868164
0.870117	0.118164
0.370117	0.618164
0.495117	0.243164
0.995117	0.743164
0.745117	0.493164
0.245117	0.993164
0.182617	0.0556641
0.682617	0.555664
0.932617	0.305664
0.432617	0.805664
0.307617	0.430664
0.807617	0.930664
0.557617	0.180664
0.0576172	0.680664
0.0419922	0.383789
0.541992	0.883789
0.791992	0.133789
0.291992	0.633789
0.416992	0.00878906
0.916992	0.508789
0.666992	0.258789
0.166992	0.758789
0.229492	0.196289
0.729492	0.696289
0.979492	0.446289
0.479492	0.946289
0.354492	0.321289
0.854492	0.821289
0.604492	0.0712891
0.104492	0.571289
0.0732422	0.102539
0.573242	0.602539
0.823242	0.352539
0.323242	0.852539
0.448242	0.477539
0.948242	0.977539
0.698242	0.227539
0.198242	0.727539
0.135742	0.290039
0.635742	0.790039
0.885742	0.0400391
0.385742	0.540039
0.260742	0.165039
0.760742	0.665039
0.510742	0.415039
0.0107422	0.915039
0.0146484	0.0830078
0.514648	0.583008
0.764648	0.333008
0.264648	0.833008
0.389648	0.458008
0.889648	0.958008
0.639648	0.208008
0.139648	0.708008
0.202148	0.270508
0.702148	0.770508
0.952148	0.0205078
0.452148	0.520508
0.327148	0.145508
0.827148	0.645508
0.577148	0.395508
0.0771484	0.895508
0.108398	0.426758
0.608398	0.926758
0.858398	0.176758
0.358398	0.676758
0.483398	0.0517578
0.983398	0.551758
0.733398	0.301758
0.233398	0.801758
0.170898	0.239258
0.670898	0.739258
0.920898	0.489258
0.420898	0.989258
0.295898	0.364258
0.795898	0.864258
0.545898	0.114258
0.0458984	0.614258
0.0615234	0.317383
0.561523	0.817383
0.811523	0.0673828
0.311523	0.567383
0.436523	0.192383
0.936523	0.692383
0.686523	0.442383
0.186523	0.942383
0.249023	0.00488281
0.749023	0.504883
0.999023	0.254883
0.499023	0.754883
0.374023	0.379883
0.874023	0.879883
0.624023	0.129883
0.124023	0.629883
0.0927734	0.161133
0.592773	0.661133
0.842773	0.411133
0.342773	0.911133
0.467773	0.286133
0.967773	0.786133
0.717773	0.0361328
0.217773	0.536133
0.155273	0.473633
0.655273	0.973633
0.905273	0.223633
0.405273	0.723633
0.280273	0.0986328
0.780273	0.598633
0.530273	0.348633
0.0302734	0.848633
0.0224609	0.450195
0.522461	0.950195
0.772461	0.200195
0.272461	0.700195
0.397461	0.0751953
0.897461	0.575195
0.647461	0.325195
0.147461	0.825195
0.209961	0.137695
0.709961	0.637695
0.959961	0.387695
0.459961	0.887695
0.334961	0.262695
0.834961	0.762695
0.584961	0.0126953
0.0849609	0.512695
0.116211	0.0439453
0.616211	0.543945
0.866211	0.293945
0.366211	0.793945
0.491211	0.418945
0.991211	0.918945
0.741211	0.168945
0.241211	0.668945
0.178711	0.356445
0.678711	0.856445
0.928711	0.106445
0.428711	0.606445
0.303711	0.231445
0.803711	0.731445
0.553711	0.481445
0.0537109	0.981445
0.0380859	0.21582
0.538086	0.71582
0.788086	0.46582
0.288086	0.96582
0.413086	0.34082
0.913086	0.84082
0.663086	0.0908203
0.163086	0.59082
0.225586	0.40332
0.725586	0.90332
0.975586	0.15332
0.475586	0.65332
0.350586	0.0283203
0.850586	0.52832
0.600586	0.27832
0.100586	0.77832
0.0693359	0.30957
0.569336	0.80957
0.819336	0.0595703
0.319336	0.55957
0.444336	0.18457
0.944336	0.68457
0.694336	0.43457
0.194336	0.93457
0.131836	0.12207
0.631836	0.62207
0.881836	0.37207
0.381836	0.87207
0.256836	0.49707
0.756836	0.99707
0.506836	0.24707
0.00683594	0.74707
0.00488281	0.249023
0.504883	0.749023
0.754883	0.499023
0.254883	0.999023
0.379883	0.374023
0.879883	0.874023
0.629883	0.124023
0.129883	0.624023
0.192383	0.436523
0.692383	0.936523
0.942383	0.186523
0.442383	0.686523
0.317383	0.0615234
0.817383	0.561523
0.567383	0.311523
0.0673828	0.811523
0.0986328	0.280273
0.598633	0.780273
0.848633	0.0302734
0.348633	0.530273
0.473633	0.155273
0.973633	0.655273
0.723633	0.405273
0.223633	0.905273
0.161133	0.0927734
0.661133	0.592773
0.911133	0.342773
0.411133	0.842773
0.286133	0.467773
0.786133	0.967773
0.536133	0.217773
0.0361328	0.717773
0.0517578	0.483398
0.551758	0.983398
0.801758	0.233398
0.301758	0.733398
0.426758	0.108398
0.926758	0.608398
0.676758	0.358398
0.176758	0.858398
0.239258	0.170898
0.739258	0.670898
0.989258	0.420898
0.489258	0.920898
0.364258	0.295898
0.864258	0.795898
0.614258	0.0458984
0.114258	0.545898
0.0830078	0.0146484
0.583008	0.514648
0.833008	0.264648
0.333008	0.764648
0.458008	0.389648
0.958008	0.889648
0.708008	0.139648
0.208008	0.639648
0.145508	0.327148
0.645508	0.827148
0.895508	0.0771484
0.395508	0.577148
0.270508	0.202148
0.770508	0.702148
0.520508	0.452148
0.0205078	0.952148
0.0283203	0.350586
0.52832	0.850586
0.77832	0.100586
0.27832	0.600586
0.40332	0.225586
0.90332	0.725586
0.65332	0.475586
0.15332	0.975586
0.21582	0.0380859
0.71582	0.538086
0.96582	0.288086
0.46582	0.788086
0.34082	0.413086
0.84082	0.913086
0.59082	0.163086
0.0908203	0.663086
0.12207	0.131836
0.62207	0.631836
0.87207	0.381836
0.37207	0.881836
0.49707	0.256836
0.99707	0.756836
0.74707	0.00683594
0.24707	0.506836
0.18457	0.444336
0.68457	0.944336
0.93457	0.194336
0.43457	0.694336
0.30957	0.0693359
0.80957	0.569336
0.55957	0.319336
0.0595703	0.819336
0.0439453	0.116211
0.543945	0.616211
0.793945	0.366211
0.293945	0.866211
0.418945	0.491211
0.918945	0.991211
0.668945	0.241211
0.168945	0.741211
0.231445	0.303711
0.731445	0.803711
0.981445	0.0537109
0.481445	0.553711
0.356445	0.178711
0.856445	0.678711
0.606445	0.428711
0.106445	0.928711
0.0751953	0.397461
0.575195	0.897461
0.825195	0.147461
0.325195	0.647461
0.450195	0.0224609
0.950195	0.522461
0.700195	0.272461
0.200195	0.772461
0.137695	0.209961
0.637695	0.709961
0.887695	0.459961
0.387695	0.959961
0.262695	0.334961
0.762695	0.834961
0.512695	0.0849609
0.0126953	0.584961
0.00878906	0.416992
0.508789	0.916992
0.758789	0.166992
0.258789	0.666992
0.383789	0.0419922
0.883789	0.541992
0.633789	0.291992
0.133789	0.791992
0.196289	0.229492
0.696289	0.729492
0.946289	0.479492
0.446289	0.979492
0.321289	0.354492
0.821289	0.854492
0.571289	0.104492
0.0712891	0.604492
0.102539	0.0732422
0.602539	0.573242
0.852539	0.323242
0.352539	0.823242
0.477539	0.448242
0.977539	0.948242
0.727539	0.198242
0.227539	0.698242
0.165039	0.260742
0.665039	0.760742
0.915039	0.0107422
0.415039	0.510742
0.290039	0.135742
0.790039	0.635742
0.540039	0.385742
0.0400391	0.885742
0.0556641	0.182617
0.555664	0.682617
0.805664	0.432617
0.305664	0.932617
0.430664	0.307617
0.930664	0.807617
0.680664	0.0576172
0.180664	0.557617
0.243164	0.495117
0.743164	0.995117
0.993164	0.245117
0.493164	0.745117
0.368164	0.120117
0.868164	0.620117
0.618164	0.370117
0.118164	0.870117
0.0869141	0.338867
0.586914	0.838867
0.836914	0.0888672
0.336914	0.588867
0.461914	0.213867
0.961914	0.713867
0.711914	0.463867
0.211914	0.963867
0.149414	0.0263672
0.649414	0.526367
0.899414	0.276367
0.399414	0.776367
0.274414	0.401367
0.774414	0.901367
0.524414	0.151367
0.0244141	0.651367
0.0166016	0.0498047
0.516602	0.549805
0.766602	0.299805
0.266602	0.799805
0.391602	0.424805
0.891602	0.924805
0.641602	0.174805
0.141602	0.674805
0.204102	0.362305
0.704102	0.862305
0.954102	0.112305
0.454102	0.612305
0.329102	0.237305
0.829102	0.737305
0.579102	0.487305
0.0791016	0.987305
0.110352	0.456055
0.610352	0.956055
0.860352	0.206055
0.360352	0.706055
0.485352	0.0810547
0.985352	0.581055
0.735352	0.331055
0.235352	0.831055
0.172852	0.143555
0.672852	0.643555
0.922852	0.393555
0.422852	0.893555
0.297852	0.268555
0.797852	0.768555
0.547852	0.0185547
0.0478516	0.518555
0.0322266	0.28418
0.532227	0.78418
0.782227	0.0341797
0.282227	0.53418
0.407227	0.15918
0.907227	0.65918
0.657227	0.40918
0.157227	0.90918
0.219727	0.0966797
0.79931	0.635546
0.98036	0.39345
0.576124	0.863076
0.44319	0.517161
0.894325	0.97474
0.693983	0.262031
0.130437	0.750102
0.0876092	0.227949
0.665866	0.721765
0.871565	0.486745
0.407568	0.946691
0.54427	0.361531
0.959517	0.835011
0.774226	0.082499
0.254341	0.606232
0.172419	0.424691
0.721421	0.891205
0.916435	0.157372
0.478025	0.664382
0.332856	0.00375685
0.823998	0.547021
0.606911	0.295461
0.00137348	0.778267
0.00206021	0.423238
0.607381	0.889905
0.824375	0.155692
0.333457	0.663036
0.478559	0.00187842
0.916777	0.545629
0.721846	0.293909
0.173071	0.776947
0.254966	0.226315
0.774623	0.720427
0.959847	0.485329
0.544768	0.945386
0.40813	0.360024
0.871924	0.833688
0.666309	0.0807143
0.0882822	0.604855
0.131101	0.11838
0.694416	0.634177
0.894675	0.391977
0.44374	0.861755
0.576609	0.515751
0.980678	0.973407
0.799699	0.26045
0.294485	0.748782
0.214549	0.326856
0.748641	0.805046
0.938504	0.0417338
0.512277	0.575256
0.371372	0.191288
0.848473	0.691797
0.637414	0.45458
0.0453422	0.917623
0.0668042	0.173562
0.652	0.677379
0.860364	0.438961
0.389982	0.903791
0.52866	0.310426
0.949281	0.79099
0.761766	0.0219316
0.234864	0.560459
0.314077	0.500531
0.812113	0.959275
0.99086	0.243523
0.592112	0.734681
0.461204	0.0996458
0.905814	0.619561
0.708172	0.376075
0.152185	0.84775
0.109834	0.40767
0.680448	0.87582
0.883409	0.137397
0.426015	0.648665
0.560762	0.277265
0.970316	0.762868
0.787245	0.530746
0.274852	0.987444
0.193931	0.0613365
0.735384	0.590044
0.927646	0.343385
0.495572	0.819487
0.352562	0.470028
0.836453	0.931494
0.622472	0.208823
0.023845	0.706145
0.034603	0.0318769
0.629965	0.567875
0.842497	0.31867
0.361969	0.798002
0.503952	0.446817
0.933099	0.910699
0.74199	0.182461
0.20432	0.684604
0.28469	0.38405
0.793487	0.854754
0.97553	0.108996
0.568714	0.626866
0.434903	0.251992
0.889073	0.741734
0.687456	0.508145
0.12048	0.966353
0.162643	0.53821
0.715039	0.994405
0.911308	0.285622
0.469927	0.769913
0.599773	0.146597
0.995907	0.655869
0.818262	0.415454
0.323828	0.882876
0.244936	0.217594
0.76821	0.713309
0.954558	0.477689
0.536742	0.938439
0.399105	0.351741
0.866126	0.826664
0.659182	0.0711099
0.0775315	0.597453
0.056073	0.302178
0.644735	0.783982
0.854441	0.0119017
0.380703	0.553047
0.520502	0.164643
0.943927	0.670212
0.755226	0.431026
0.224733	0.896843
0.304251	0.0902189
0.805923	0.612206
0.985769	0.368058
0.58437	0.840738
0.452514	0.492897
0.900261	0.952335
0.701321	0.234999
0.141694	0.727564
0.0990576	0.268877
0.673393	0.755821
0.877666	0.523263
0.417099	0.980487
0.552753	0.399831
0.96511	0.868795
0.780967	0.127932
0.264941	0.641462
0.183501	0.46233
0.728639	0.924539
0.922236	0.200085
0.487092	0.699001
0.343056	0.0515451
0.830407	0.582631
0.614912	0.335036
0.0130202	0.812264
0.0184398	0.247758
0.618699	0.738208
0.833428	0.504337
0.347821	0.962818
0.491343	0.380066
0.924935	0.851253
0.73203	0.104322
0.188717	0.623213
0.269904	0.442899
0.784109	0.907243
0.96771	0.17802
0.556764	0.680996
0.421559	0.0269134
0.880545	0.564171
0.676925	0.314553
0.10446	0.794497
0.146943	0.347565
0.704743	0.823094
0.903043	0.0662404
0.456853	0.593748
0.588249	0.213214
0.988319	0.709733
0.809022	0.473859
0.309169	0.934966
0.229805	0.142005
0.758506	0.652272
0.946613	0.411561
0.524588	0.879349
0.385358	0.534483
0.857422	0.990933
0.648376	0.281451
0.0614396	0.766392
0.0829048	0.489104
0.66275	0.948866
0.869032	0.230674
0.403622	0.723996
0.540761	0.0854735
0.957204	0.608529
0.771423	0.364042
0.249956	0.837217
0.328644	0.160171
0.821328	0.666626
0.998426	0.427113
0.603587	0.893371
0.474253	0.298046
0.914042	0.780468
0.718444	0.00688755
0.167857	0.549339
0.125791	0.0466422
0.690941	0.578939
0.891875	0.330927
0.439326	0.808654
0.572677	0.45846
0.978111	0.921076
0.796591	0.195695
0.289593	0.695407
0.209439	0.395904
0.745322	0.865277
0.935798	0.123159
0.508125	0.637829
0.366678	0.264667
0.845486	0.7523
0.633703	0.519511
0.0399736	0.976962
0.0292259	0.372071
0.626221	0.844245
0.839483	0.094941
0.357265	0.615889
0.499766	0.239267
0.930379	0.73113
0.73868	0.496716
0.199143	0.955788
0.279775	0.0169243
0.79037	0.556752
0.972929	0.306301
0.564741	0.787485
0.430464	0.435
0.886248	0.900322
0.683957	0.169103
0.11516	0.673788
0.157418	0.204449
0.711612	0.702569
0.908564	0.466183
0.465574	0.928018
0.595946	0.339209
0.993385	0.815877
0.81519	0.0564389
0.318966	0.586338
0.239904	0.527006
0.76499	0.983963
0.951918	0.273073
0.532706	0.759344
0.394554	0.132693
0.86324	0.645062
0.655596	0.403757
0.0721656	0.872304
0.0507074	0.113668
0.641079	0.630522
0.851457	0.388021
0.37604	0.858249
0.516395	0.511958
0.941221	0.969874
0.751936	0.256223
0.219646	0.74526
0.29936	0.322768
0.802814	0.801504
0.983222	0.03681
0.58049	0.571567
0.448138	0.186876
0.89747	0.688197
0.697876	0.450699
0.136408	0.914163
0.0936665	0.481519
0.669853	0.941911
0.874793	0.221955
0.41262	0.716866
0.548756	0.075922
0.962485	0.60116
0.777802	0.355911
0.259959	0.830172
0.178286	0.289767
0.725244	0.773429
0.919513	0.541919
0.482829	0.997848
0.338264	0.419349
0.82739	0.886401
0.611141	0.151161
0.00755411	0.659451
0.0103011	0.153442
0.613022	0.661241
0.828897	0.421297
0.340668	0.888164
0.484964	0.543774
0.920881	0.99957
0.726943	0.29184
0.180893	0.775187
0.262455	0.357996
0.779392	0.831926
0.963805	0.078328
0.55075	0.603013
0.414865	0.224135
0.876228	0.718644
0.671626	0.483434
0.0963586	0.943647
0.139062	0.45264
0.699606	0.915896
0.898868	0.189084
0.450337	0.689994
0.58243	0.0392765
0.984494	0.573414
0.804371	0.324817
0.301797	0.803255
0.222194	0.258339
0.753583	0.747023
0.94258	0.513865
0.518455	0.971634
0.378374	0.390007
0.852949	0.859997
0.642911	0.116003
0.0533899	0.63235
0.0748463	0.40572
0.657394	0.874058
0.864677	0.135074
0.396839	0.646863
0.53473	0.275171
0.953236	0.761106
0.766602	0.528877
0.242424	0.985701
0.32141	0.0588858
0.816728	0.588191
0.994647	0.341295
0.597864	0.817683
0.467758	0.468109
0.909939	0.929757
0.713332	0.206631
0.160034	0.704353
0.117822	0.171333
0.685711	0.675576
0.887668	0.436987
0.432688	0.902062
0.56673	0.308363
0.974235	0.789237
0.791932	0.0194357
0.282236	0.558604
0.201749	0.498626
0.740328	0.957514
0.931746	0.241401
0.501863	0.732913
0.359616	0.0973021
0.840998	0.617731
0.628095	0.374077
0.0319163	0.845998
0.042659	0.52139
0.635572	0.97874
0.84698	0.266776
0.369033	0.754059
0.510211	0.125549
0.937148	0.639655
0.746989	0.397868
0.211998	0.867039
0.292045	0.197898
0.798143	0.697212
0.979401	0.460401
0.574658	0.922803
0.441538	0.332963
0.893276	0.810459
0.692683	0.0490964
0.128447	0.58078
0.170463	0.00939212
0.720146	0.551195
0.915409	0.300115
0.476416	0.782228
0.605494	0.429051
0.999685	0.895105
0.822861	0.162411
0.331052	0.668422
0.252466	0.366051
0.773029	0.838982
0.958527	0.0878532
0.542771	0.610366
0.405881	0.232853
0.870484	0.725781
0.664534	0.490992
0.0855914	0.950606
0.0641229	0.283544
0.650197	0.768154
0.858913	0.536352
0.387686	0.992678
0.526632	0.413506
0.947956	0.881113
0.760147	0.144309
0.23234	0.654076
0.311628	0.475774
0.810571	0.936703
0.989595	0.21541
0.590189	0.711527
0.459023	0.0686924
0.904434	0.5956
0.706454	0.349655
0.149567	0.824898
0.107162	0.316617
0.678691	0.796251
0.881984	0.0294042
0.423789	0.566026
0.558769	0.180248
0.969011	0.682805
0.78568	0.444868
0.272386	0.908968
0.191325	0.10666
0.733725	0.625039
0.926284	0.382062
0.493468	0.853005
0.350203	0.50624
0.834939	0.96459
0.620593	0.249875
0.0211497	0.739971
0.01573	0.337123
0.616806	0.81407
0.831917	0.053992
0.345438	0.584484
0.489217	0.202267
0.923585	0.700785
0.730334	0.464257
0.186109	0.926278
0.267423	0.130313
0.782538	0.643262
0.96641	0.401794
0.554758	0.870549
0.419329	0.525135
0.879106	0.982225
0.675159	0.270975
0.101759	0.757582
0.144318	0.237133
0.703032	0.729347
0.901652	0.494806
0.454684	0.954062
0.58631	0.370064
0.987044	0.842492
0.807472	0.0925799
0.30671	0.614048
0.227269	0.433013
0.756866	0.898582
0.94527	0.166873
0.522545	0.672
0.383031	0.014413
0.855932	0.5549
0.646555	0.30424
0.0587563	0.785734
0.0802181	0.0735159
0.660966	0.599306
0.867579	0.353826
0.401363	0.828418
0.538752	0.479604
0.955881	0.940175
0.769816	0.219774
0.247446	0.715088
0.326236	0.417401
0.819795	0.884639
0.997167	0.148879
0.60168	0.65766
0.47209	0.287695
0.912675	0.771671
0.716741	0.540065
0.16525	0.996126
0.123135	0.510052
0.689198	0.968113
0.890474	0.254107
0.437115	0.743497
0.570695	0.111332
0.97682	0.628694
0.795039	0.386036
0.287141	0.856501
0.206879	0.184669
0.743656	0.686401
0.934449	0.448758
0.506038	0.912431
0.364324	0.320719
0.843992	0.799753
0.631834	0.0343434
0.0372883	0.569721
0.0265354	0.211019
0.624347	0.707939
0.837968	0.471943
0.354913	0.93323
0.497669	0.345475
0.929013	0.821291
0.737032	0.0637884
0.196537	0.591896
0.277313	0.532615
0.788807	0.989188
0.971622	0.279358
0.562752	0.76463
0.428239	0.139701
0.884828	0.650469
0.682202	0.409615
0.112497	0.877584
0.154802	0.378071
0.709892	0.849502
0.907189	0.101984
0.463389	0.621387
0.594029	0.24564
0.992123	0.736444
0.813651	0.502434
0.316521	0.961046
0.237384	0.0244225
0.763378	0.562315
0.950599	0.31249
0.530683	0.792744
0.392268	0.44093
0.861802	0.905517
0.653798	0.175791
0.0694849	0.679188
0.0480248	0.45652
0.639246	0.91935
0.849965	0.193491
0.373706	0.693602
0.514336	0.044188
0.939863	0.577098
0.750288	0.328892
0.217098	0.80685
0.296923	0.262559
0.801257	0.750541
0.98195	0.517631
0.57855	0.975184
0.445939	0.393941
0.896072	0.863516
0.696146	0.12077
0.133754	0.636003
0.0909743	0.0830939
0.668081	0.606692
0.873359	0.362033
0.410375	0.835453
0.546762	0.487217
0.961166	0.947126
0.776213	0.228494
0.257462	0.722212
0.175678	0.295978
0.723545	0.778707
0.918145	0.00438299
0.480694	0.547484
0.335861	0.157932
0.825882	0.664831
0.609261	0.425176
0.00480716	0.891638
0.00343369	0.154573
0.608321	0.662138
0.825129	0.422269
0.334659	0.889038
0.479626	0.292875
0.917461	0.776066
0.722695	0.000626141
0.174374	0.544702
0.256214	0.484385
0.775418	0.944516
0.960507	0.225225
0.545765	0.719535
0.409252	0.0795245
0.872641	0.603936
0.667195	0.359019
0.0896283	0.832805
0.132428	0.390995
0.695281	0.860874
0.895374	0.117185
0.44484	0.633264
0.577579	0.259395
0.981314	0.747903
0.800478	0.514811
0.295704	0.972518
0.215823	0.0405067
0.749465	0.574335
0.939183	0.325838
0.513306	0.804144
0.372539	0.45361
0.849219	0.91676
0.63833	0.190187
0.0466835	0.690894
0.0681446	0.437976
0.652899	0.902928
0.861083	0.172448
0.391125	0.676475
0.529671	0.0206862
0.94994	0.559531
0.762572	0.309394
0.236124	0.790113
0.315299	0.242464
0.812882	0.733799
0.991491	0.499579
0.59307	0.958389
0.462296	0.375078
0.906501	0.846874
0.709032	0.0984768
0.153494	0.618648
0.111165	0.136245
0.681325	0.647764
0.884119	0.406697
0.427127	0.874938
0.561757	0.529812
0.970969	0.986571
0.788026	0.276218
0.276083	0.761987
0.195234	0.34234
0.736208	0.818585
0.92833	0.0601105
0.496621	0.589118
0.353738	0.207725
0.83721	0.705248
0.623409	0.46907
0.0251902	0.930626
0.0359456	0.317645
0.6309	0.797127
0.843244	0.0306436
0.363147	0.566952
0.504995	0.181357
0.933774	0.683706
0.742823	0.445846
0.2056	0.909833
0.285916	0.107828
0.794263	0.625952
0.976175	0.383057
0.569704	0.85388
0.436009	0.507192
0.889774	0.965473
0.688327	0.250934
0.121808	0.740853
0.163947	0.284586
0.71589	0.769034
0.911992	0.537283
0.471009	0.993544
0.600727	0.41448
0.996537	0.881995
0.819029	0.145456
0.325032	0.654974
0.246191	0.476732
0.769013	0.937571
0.955219	0.216504
0.537747	0.71242
0.400234	0.0699069
0.866853	0.596526
0.660074	0.350699
0.0788748	0.825787
0.0574147	0.0106461
0.645645	0.552121
0.855186	0.301147
0.381867	0.783107
0.521524	0.430032
0.944599	0.895973
0.756046	0.163528
0.226001	0.669318
0.30548	0.367055
0.806698	0.839862
0.986406	0.0890383
0.58534	0.611285
0.453599	0.233932
0.900956	0.726672
0.702177	0.491942
0.143006	0.951472
0.100408	0.522328
0.674276	0.979618
0.878386	0.267828
0.418214	0.75494
0.553756	0.126742
0.96576	0.640561
0.781753	0.39885
0.266182	0.867917
0.184805	0.198994
0.729487	0.698109
0.92291	0.461367
0.488155	0.923669
0.344247	0.333993
0.831162	0.811361
0.615859	0.0503217
0.0143751	0.581704
0.0197948	0.503385
0.619646	0.961932
0.834184	0.246699
0.349012	0.737326
0.492405	0.103153
0.925609	0.6223
0.732877	0.379069
0.190021	0.850378
0.271145	0.176905
0.784895	0.680092
0.96836	0.441915
0.557766	0.90638
0.422674	0.313522
0.881264	0.79362
0.677808	0.0256679
0.105811	0.563243
0.148255	0.0650144
0.705598	0.592822
0.903739	0.34652
0.457938	0.822192
0.589219	0.472901
0.988957	0.934098
0.809797	0.212116
0.310399	0.708836
0.231073	0.410588
0.759326	0.878467
0.947285	0.140853
0.52561	0.651371
0.386522	0.280405
0.858168	0.765511
0.649286	0.533549
0.0627812	0.990061
0.0842481	0.229584
0.663642	0.723104
0.869758	0.488161
0.404752	0.947996
0.541766	0.363037
0.957865	0.836335
0.772226	0.0842837
0.251211	0.60761
0.329848	0.426145
0.822095	0.892505
0.999056	0.159052
0.60454	0.665729
0.475335	0.00563527
0.914726	0.548412
0.719295	0.297012
0.16916	0.779588
0.127119	0.329909
0.691812	0.807752
0.892576	0.0454151
0.440432	0.578018
0.573668	0.194593
0.978756	0.694504
0.797367	0.45749
0.290819	0.920213
0.210718	0.121965
0.746155	0.636916
0.936473	0.394922
0.509168	0.864397
0.367855	0.518571
0.846233	0.976073
0.634638	0.263613
0.0413163	0.751421
0.0305711	0.0937605
0.627158	0.614969
0.84024	0.371068
0.35844	0.843368
0.500815	0.495761
0.931062	0.954925
0.739504	0.2382
0.200446	0.730238
0.281005	0.30527
0.791151	0.78661
0.973582	0.0156687
0.565736	0.555826
0.431576	0.167988
0.886958	0.672894
0.684834	0.434007
0.116491	0.899452
0.158726	0.46522
0.712472	0.927148
0.909251	0.203358
0.466666	0.701677
0.596905	0.0552154
0.994016	0.585411
0.815959	0.338166
0.320188	0.814974
0.241164	0.272024
0.765796	0.758463
0.952577	0.52607
0.533718	0.983094
0.395696	0.402776
0.863958	0.871426
0.656495	0.131503
0.073506	0.644162
0.0520487	0.387029
0.641995	0.857375
0.852203	0.1125
0.377207	0.629608
0.517425	0.255165
0.941901	0.744378
0.75276	0.511005
0.22092	0.968994
0.300578	0.0355767
0.803593	0.570644
0.983858	0.321744
0.58146	0.800628
0.449238	0.449728
0.898169	0.913297
0.698741	0.185773
0.137735	0.687299
0.0950125	0.220865
0.670739	0.715977
0.875511	0.480562
0.413742	0.941043
0.549753	0.354869
0.963145	0.829295
0.778597	0.074719
0.261207	0.600233
0.179589	0.540992
0.726094	0.996987
0.920197	0.288731
0.483897	0.77255
0.339466	0.15002
0.828143	0.658555
0.612082	0.418375
0.00892759	0.88552
0.00618064	0.420323
0.610201	0.887283
0.826636	0.152302
0.337063	0.660346
0.481761	0.290803
0.918829	0.774308
0.724394	0.542847
0.176982	0.998709
0.258711	0.077125
0.777007	0.602087
0.961826	0.356954
0.547759	0.831049
0.411497	0.482477
0.874076	0.942779
0.668967	0.223045
0.0923204	0.717755
0.135081	0.18798
0.697011	0.689096
0.896771	0.451669
0.447039	0.915029
0.57952	0.323793
0.982586	0.802379
0.802035	0.0380433
0.298141	0.572491
0.218372	0.512911
0.751112	0.970754
0.940542	0.257281
0.515366	0.746141
0.374873	0.114835
0.850711	0.631436
0.640163	0.389014
0.0493661	0.859123
0.0708253	0.133883
0.654697	0.645963
0.862521	0.404739
0.393411	0.873181
0.531695	0.527941
0.951259	0.984832
0.764184	0.274122
0.238644	0.760225
0.317743	0.340252
0.81442	0.81678
0.992754	0.0576623
0.594988	0.587265
0.464481	0.20554
0.907876	0.703461
0.710752	0.467146
0.15611	0.928887
0.113828	0.435994
0.683079	0.901192
0.885538	0.170218
0.429352	0.674682
0.563746	0.01818
0.972275	0.557678
0.789589	0.307332
0.278544	0.788361
0.19784	0.240334
0.737856	0.732021
0.929696	0.497671
0.498718	0.956651
0.356089	0.373074
0.838725	0.845122
0.625284	0.0961215
0.0278806	0.61681
0.038631	0.265722
0.632769	0.75318
0.844739	0.52045
0.365501	0.977851
0.507081	0.396886
0.935124	0.866158
0.744489	0.124354
0.208159	0.638742
0.288367	0.459431
0.795815	0.92194
0.977465	0.196796
0.571686	0.696309
0.438221	0.0478693
0.891175	0.57986
0.69007	0.331945
0.124463	0.809556
0.166553	0.299081
0.717593	0.781348
0.913359	0.00813983
0.473172	0.550267
0.602634	0.161291
0.997796	0.667524
0.820562	0.428082
0.32744	0.894238
0.248701	0.0866633
0.77062	0.609447
0.956542	0.365046
0.539756	0.8381
0.402493	0.490048
0.868305	0.949736
0.661858	0.231763
0.0815615	0.724888
0.060098	0.535417
0.647466	0.991805
0.856677	0.282498
0.384195	0.767273
0.523567	0.143157
0.945942	0.653174
0.757686	0.412533
0.228537	0.880231
0.30794	0.214312
0.808247	0.71063
0.987682	0.474816
0.587279	0.935835
0.455768	0.34861
0.902348	0.823996
0.703888	0.0674664
0.14563	0.594674
0.10311	0.0281588
0.676042	0.565098
0.879825	0.315585
0.420444	0.795374
0.555761	0.443884
0.96706	0.908105
0.783324	0.179134
0.268663	0.681901
0.187413	0.381064
0.731182	0.852129
0.92426	0.105491
0.49028	0.624126
0.34663	0.248817
0.832673	0.739089
0.617753	0.505288
0.0170849	0.963704
0.0116653	0.0527685
0.613965	0.583557
0.829651	0.336079
0.341865	0.813167
0.486029	0.463294
0.921561	0.925409
0.727792	0.201176
0.182197	0.699893
0.2637	0.400813
0.780182	0.869672
0.96446	0.129122
0.55175	0.642362
0.415984	0.269926
0.876947	0.756701
0.67251	0.524199
0.097707	0.981356
0.140381	0.493851
0.700466	0.953198
0.899565	0.236066
0.451429	0.728455
0.5834	0.0913994
0.985131	0.613127
0.805148	0.369061
0.303021	0.841615
0.223465	0.165758
0.754405	0.671106
0.943255	0.43202
0.51948	0.897712
0.379539	0.303209
0.853695	0.784858
0.643825	0.0131574
0.0547314	0.553973
0.0761882	0.352784
0.65829	0.827541
0.8654	0.0723129
0.397975	0.59838
0.535738	0.218684
0.953897	0.714198
0.767406	0.478647
0.243681	0.939307
0.322624	0.147738
0.817496	0.656765
0.995278	0.416428
0.59882	0.883757
0.468845	0.539137
0.910625	0.995266
0.714188	0.286658
0.16134	0.770792
0.119152	0.25305
0.686585	0.742615
0.888373	0.509098
0.433797	0.967233
0.567723	0.385043
0.974885	0.855628
0.792711	0.110164
0.283464	0.62778
0.20304	0.447787
0.741157	0.911565
0.932425	0.183565
0.502909	0.685503
0.360792	0.0331101
0.84175	0.568798
0.629031	0.319694
0.0332603	0.798878
0.0224997	0.470985
0.621535	0.932362
0.835695	0.209921
0.351387	0.707042
0.494523	0.0625624
0.926963	0.59097
0.73456	0.34443
0.192628	0.820389
0.273622	0.278311
0.786464	0.763749
0.969662	0.53168
0.559768	0.988316
0.424902	0.408643
0.882699	0.876702
0.679571	0.138549
0.108503	0.649567
0.150877	0.100815
0.707312	0.620474
0.905126	0.377073
0.460111	0.848626
0.591153	0.501482
0.990229	0.96016
0.811343	0.244582
0.312854	0.735563
0.233604	0.311458
0.76096	0.791867
0.948622	0.0231771
0.527648	0.561387
0.388839	0.174676
0.859645	0.678284
0.651101	0.439945
0.0654639	0.904654
0.044001	0.19239
0.636498	0.692699
0.847727	0.45555
0.370205	0.918487
0.511247	0.327874
0.937825	0.805948
0.747817	0.0429609
0.213275	0.576177
0.293267	0.516691
0.79892	0.974296
0.980042	0.261504
0.575639	0.749662
0.442641	0.119575
0.893976	0.63509
0.693551	0.392959
0.129774	0.862636
0.0869361	0.361028
0.665423	0.83457
0.871206	0.0819041
0.407007	0.605773
0.543771	0.227404
0.959187	0.721319
0.773828	0.486273
0.253717	0.946256
0.171767	0.00313071
0.720996	0.546557
0.916093	0.294944
0.477491	0.777827
0.332255	0.424207
0.823621	0.890771
0.606441	0.156812
0.000686738	0.663933
0.00103011	0.359773
0.606676	0.833467
0.82381	0.0804168
0.332555	0.604625
0.477758	0.226042
0.916264	0.720204
0.721209	0.485093
0.172093	0.945168
0.254029	0.00156535
0.774027	0.545397
0.959352	0.293651
0.544021	0.776727
0.407288	0.422996
0.871386	0.889688
0.665644	0.155413
0.0872726	0.662811
0.130106	0.191013
0.693767	0.691571
0.89415	0.454337
0.442916	0.917408
0.575881	0.326602
0.980201	0.80482
0.799115	0.041427
0.293571	0.575026
0.213593	0.515516
0.748023	0.973185
0.937995	0.260186
0.511505	0.748563
0.370496	0.118081
0.847913	0.633949
0.636727	0.391731
0.0443363	0.861535
0.065799	0.0993535
0.651326	0.619333
0.859825	0.375826
0.389125	0.847531
0.527901	0.500293
0.948786	0.959053
0.761161	0.243258
0.233919	0.734461
0.31316	0.310168
0.811536	0.790771
0.990387	0.0216203
0.591393	0.560227
0.460385	0.173283
0.905298	0.677153
0.707527	0.438715
0.151204	0.903575
0.108835	0.469788
0.67979	0.931277
0.882876	0.208548
0.42518	0.705921
0.560016	0.06103
0.969826	0.589812
0.786659	0.343123
0.273929	0.819262
0.192954	0.277003
0.734766	0.762648
0.927134	0.530512
0.494786	0.987225
0.351681	0.407427
0.835885	0.875599
0.621769	0.137109
0.022836	0.64844
0.033596	0.251727
0.629265	0.741514
0.841937	0.507907
0.361086	0.966133
0.50317	0.383802
0.932593	0.854535
0.741365	0.108704
0.20336	0.626638
0.28377	0.446574
0.792905	0.910482
0.975046	0.182185
0.567971	0.68438
0.434074	0.0315685
0.888548	0.567644
0.686803	0.318414
0.119484	0.797783
0.161666	0.351481
0.714401	0.826445
0.910795	0.0708091
0.469116	0.597221
0.599058	0.217322
0.995435	0.713087
0.817688	0.47745
0.322925	0.938222
0.243995	0.146312
0.767607	0.655646
0.954062	0.41521
0.535989	0.882656
0.398258	0.537978
0.865581	0.99419
0.658513	0.285363
0.076524	0.769693
0.0550668	0.492658
0.644052	0.95212
0.853881	0.234732
0.37983	0.727341
0.519736	0.0899237
0.943423	0.611976
0.75461	0.367807
0.223782	0.840519
0.303329	0.164364
0.805342	0.669988
0.98529	0.430778
0.583643	0.896625
0.4517	0.301921
0.899739	0.783763
0.70068	0.0115878
0.140709	0.552816
0.0980446	0.0512392
0.672731	0.582399
0.877127	0.334775
0.416263	0.812039
0.552001	0.46209
0.964622	0.924322
0.780378	0.199812
0.26401	0.698778
0.182523	0.399586
0.728004	0.868575
0.92173	0.127635
0.486295	0.641237
0.342163	0.268614
0.82984	0.7556
0.614202	0.52303
0.012004	0.98027
0.0174236	0.026602
0.617989	0.563939
0.832862	0.314295
0.346927	0.794278
0.490546	0.442653
0.924429	0.907027
0.731394	0.177741
0.187739	0.68077
0.268974	0.379817
0.78352	0.851034
0.967223	0.104029
0.556012	0.622984
0.420722	0.247493
0.880005	0.737987
0.676263	0.504099
0.103447	0.962597
0.145958	0.53425
0.704101	0.990715
0.902522	0.281189
0.45604	0.766172
0.587522	0.141717
0.987841	0.652047
0.808441	0.411318
0.308247	0.879128
0.228854	0.21294
0.757891	0.709509
0.94611	0.473619
0.523822	0.934749
0.384486	0.347304
0.856863	0.822869
0.647693	0.0659339
0.0604334	0.593516
0.0818973	0.297788
0.662081	0.780248
0.868487	0.00657448
0.402775	0.549108
0.540008	0.159891
0.956708	0.666402
0.77082	0.426871
0.249015	0.893155
0.327741	0.0851761
0.820753	0.608299
0.997954	0.363791
0.602872	0.836997
0.473442	0.488868
0.91353	0.948648
0.717805	0.230401
0.166879	0.723773
0.124795	0.264404
0.690287	0.752081
0.89135	0.519276
0.438497	0.97674
0.571934	0.395659
0.977627	0.865057
0.796009	0.122861
0.288674	0.637601
0.208479	0.458218
0.744697	0.920861
0.935292	0.195419
0.507342	0.695181
0.365795	0.0463354
0.844926	0.578709
0.633003	0.330673
0.0389666	0.808429
0.028217	0.434752
0.625518	0.900104
0.838915	0.168824
0.356383	0.673564
0.49898	0.0166104
0.929867	0.55652
0.738062	0.306044
0.198166	0.787266
0.278852	0.239
0.789784	0.730907
0.972439	0.496477
0.563995	0.955572
0.42963	0.37182
0.885716	0.844026
0.683299	0.0946459
0.114161	0.615659
0.156437	0.132396
0.710967	0.644837
0.908048	0.403512
0.464754	0.872084
0.595227	0.526772
0.992912	0.983746
0.814613	0.27281
0.318049	0.759124
0.238959	0.338948
0.764385	0.815651
0.951423	0.056133
0.531948	0.586106
0.393696	0.204176
0.862701	0.702346
0.654922	0.465942
0.0711604	0.9278
0.0497014	0.1866
0.640392	0.687973
0.850898	0.450456
0.375164	0.913947
0.515623	0.322512
0.940712	0.801285
0.751318	0.0365017
0.21869	0.571337
0.298446	0.51172
0.80223	0.969654
0.982745	0.255959
0.579762	0.745039
0.447314	0.113376
0.896946	0.630294
0.697227	0.387773
0.135413	0.858031
0.0926569	0.419106
0.669189	0.886181
0.874255	0.150875
0.411778	0.659227
0.548009	0.289508
0.961991	0.773209
0.777206	0.541688
0.259023	0.997633
0.177308	0.0756212
0.724607	0.600928
0.919	0.35565
0.482028	0.829953
0.337363	0.48128
0.826824	0.941694
0.610436	0.221682
0.00652401	0.716644
0.00927096	0.223862
0.612317	0.718422
0.828332	0.483195
0.339767	0.94343
0.484164	0.357735
0.920368	0.831707
0.726306	0.0780273
0.179915	0.602782
0.261519	0.543542
0.778796	0.999354
0.96331	0.291581
0.550003	0.774967
0.414023	0.153157
0.87569	0.661017
0.670961	0.421054
0.0953491	0.887944
0.138067	0.389759
0.698957	0.859779
0.898344	0.115711
0.449513	0.632122
0.581703	0.258075
0.984017	0.746802
0.803787	0.513626
0.300883	0.971414
0.221239	0.0389682
0.752966	0.573183
0.942071	0.324561
0.517683	0.803036
0.377499	0.452397
0.85239	0.915679
0.642224	0.188808
0.052384	0.689769
0.0738411	0.467869
0.65672	0.92954
0.864138	0.206358
0.395982	0.70413
0.533971	0.0585799
0.952742	0.58796
0.765997	0.341035
0.241479	0.817457
0.320494	0.274908
0.816151	0.760886
0.994174	0.528643
0.597145	0.985483
0.466939	0.405475
0.909423	0.873839
0.712687	0.134776
0.159053	0.646638
0.116824	0.0970069
0.685053	0.617501
0.887135	0.373826
0.431854	0.845779
0.565984	0.498387
0.973745	0.957298
0.791347	0.241135
0.281313	0.73269
0.200772	0.308105
0.73971	0.789018
0.931233	0.0191217
0.501077	0.558372
0.358734	0.171054
0.84043	0.675352
0.627392	0.436739
0.0309074	0.901844
0.041652	0.332708
0.634872	0.810233
0.84642	0.0487896
0.36815	0.58055
0.509428	0.197622
0.936642	0.696986
0.746364	0.460158
0.211038	0.922587
0.291125	0.125251
0.797561	0.639427
0.978917	0.397623
0.573915	0.866818
0.440709	0.521155
0.892751	0.978517
0.692029	0.266512
0.127451	0.75384
0.169486	0.232581
0.719508	0.725557
0.914897	0.490756
0.475605	0.950388
0.604779	0.3658
0.999213	0.838762
0.822286	0.0875557
0.330149	0.610136
0.251524	0.428809
0.772427	0.894888
0.958031	0.162131
0.542017	0.668197
0.405034	0.00907905
0.86994	0.550963
0.663865	0.299856
0.0845839	0.782008
0.0631167	0.0683859
0.649514	0.595368
0.858354	0.349394
0.386813	0.824672
0.525865	0.475535
0.947453	0.936486
0.759531	0.215135
0.23139	0.711303
0.310706	0.413263
0.80999	0.880892
0.989116	0.144021
0.589461	0.65385
0.458209	0.283283
0.903913	0.767934
0.705812	0.536118
0.148583	0.992459
0.106149	0.506002
0.678028	0.964369
0.881444	0.249611
0.422952	0.739751
0.558017	0.106367
0.968523	0.62481
0.785091	0.381812
0.271455	0.852786
0.190347	0.17997
0.733089	0.682579
0.925778	0.444622
0.492671	0.908753
0.34931	0.316359
0.834372	0.796031
0.619883	0.0290929
0.0201335	0.565794
0.0147138	0.524901
0.616096	0.982008
0.831351	0.270712
0.344545	0.757362
0.48842	0.130015
0.923079	0.643037
0.729699	0.401549
0.185131	0.87033
0.266492	0.201994
0.781949	0.700562
0.965922	0.464016
0.554006	0.926061
0.418493	0.336862
0.878566	0.813845
0.674497	0.0536861
0.100746	0.584253
0.143334	0.0140991
0.702391	0.554668
0.90113	0.303982
0.45387	0.785515
0.585582	0.432765
0.986566	0.898365
0.806891	0.166594
0.305788	0.671776
0.226318	0.369813
0.756251	0.842272
0.944766	0.0922848
0.521779	0.613818
0.382158	0.236866
0.855372	0.729124
0.645873	0.494568
0.0577501	0.953846
0.0792106	0.287435
0.660297	0.771451
0.867034	0.539833
0.400516	0.995911
0.537998	0.417158
0.955385	0.884418
0.769214	0.148594
0.246505	0.657436
0.325333	0.479365
0.819221	0.939958
0.996694	0.219502
0.600965	0.714865
0.471279	0.0732152
0.912163	0.599075
0.716103	0.353566
0.164272	0.828199
0.12214	0.320463
0.688545	0.799534
0.889949	0.0340351
0.436286	0.56949
0.569952	0.184393
0.976336	0.686176
0.794457	0.448515
0.286222	0.912215
0.20592	0.11104
0.743031	0.628466
0.933943	0.385787
0.505256	0.856283
0.363441	0.509813
0.843431	0.967893
0.631134	0.253843
0.0362813	0.743276
0.0255265	0.139413
0.623644	0.650243
0.8374	0.409372
0.354032	0.877364
0.496883	0.532381
